     0/299     1.67G   0.02149  0.006283  0.002273   0.03004         3       960    0.8913    0.8219    0.8397    0.6075    0.0228    0.0078  0.006786
     1/299     3.52G   0.01998  0.006201  0.002301   0.02848         3       960    0.7931    0.8541    0.8264    0.6029   0.02149  0.007616  0.006872
     2/299     3.52G   0.01951  0.006474  0.002442   0.02842         2       960    0.8938    0.8226    0.8354    0.6058   0.02183   0.00767  0.006603
     3/299     3.52G   0.01957  0.006194  0.002071   0.02784         2       960    0.8941    0.8304    0.8349    0.6178   0.02169  0.007615  0.006604
     4/299     3.52G   0.02006  0.006299  0.001951   0.02831         5       960    0.9455    0.7911    0.8271    0.6002    0.0222  0.007778  0.007308
     5/299     3.52G   0.02058   0.00607  0.002009   0.02865         7       960    0.8982    0.8478     0.829    0.5857   0.02222  0.007812  0.006465
     6/299     3.52G   0.02131  0.006188  0.002028   0.02952         7       960    0.8986    0.8299    0.8338    0.6065   0.02359  0.007863  0.006055
     7/299     3.52G   0.02157  0.006076  0.001649    0.0293         5       960    0.9155    0.8055    0.8271     0.574   0.02877  0.007875  0.006352
     8/299     3.52G   0.02314  0.005989  0.001571    0.0307         2       960    0.8952    0.8261    0.8271    0.5852   0.02517  0.007925  0.006417
     9/299     3.52G   0.02394  0.006225  0.002473   0.03263         6       960    0.8822    0.8289    0.8194    0.5954   0.02601  0.007978  0.006735
    10/299     3.52G   0.02386  0.006254   0.00304   0.03315         1       960     0.848    0.8216    0.8217    0.5944   0.02339  0.008299  0.007276
    11/299     3.52G   0.02434  0.006901  0.002491   0.03373         6       960    0.8662    0.7287    0.7767    0.5252   0.02849  0.008894  0.007551
    12/299     3.52G   0.02762  0.006692  0.002663   0.03698         4       960    0.9051    0.7709    0.8214    0.5695   0.02364  0.008395  0.007014
    13/299     3.52G   0.02535  0.006539   0.00214   0.03403         4       960     0.847    0.8289    0.8304    0.5868   0.02462  0.008607   0.00818
    14/299     3.52G   0.02685  0.006876  0.002799   0.03652         3       960    0.8762     0.807    0.8294    0.5928   0.02216  0.008433  0.009993
    15/299     3.52G   0.02647  0.006515  0.002703   0.03569         1       960     0.812    0.7177    0.7515    0.5068    0.0285  0.009631  0.008954
    16/299     3.52G   0.02957  0.006843  0.002485    0.0389         4       960    0.8865    0.7021    0.7656    0.5699   0.02571  0.008715   0.01116
    17/299     3.52G   0.02847  0.006771  0.002753     0.038         5       960     0.828    0.7245    0.7592    0.5186   0.02631  0.008986  0.008978
    18/299     3.52G   0.02529   0.00682  0.003042   0.03516         4       960    0.8846    0.7401    0.7867    0.5339   0.02425  0.008885  0.007904
    19/299     3.52G   0.02705  0.006391  0.002203   0.03564         4       960    0.8304    0.7877    0.7684    0.4896   0.02849  0.008591  0.007346
    20/299     3.52G   0.02711  0.006898  0.003013   0.03702         6       960    0.8828    0.7823    0.8172    0.5121    0.0291  0.008714  0.008164
    21/299     3.52G   0.02717  0.006913  0.002439   0.03652         8       960    0.8743    0.8435    0.8222    0.5348   0.02755  0.008644  0.008425
    22/299     3.52G   0.02458  0.006849  0.002567     0.034         4       960    0.8135    0.7711    0.7776    0.5426   0.02317  0.008121  0.009636
    23/299     3.52G   0.02636  0.007116  0.002227    0.0357         2       960    0.8104    0.7438    0.7714    0.5442   0.02673  0.008537  0.008027
    24/299     3.52G   0.02581  0.006595  0.002666   0.03507         4       960    0.8456    0.7041    0.7507    0.5247   0.02528  0.008844   0.01048
    25/299     3.52G   0.02774  0.006461  0.002563   0.03676         5       960    0.7637    0.8029    0.8018    0.5594   0.02401  0.008618   0.01136
    26/299     3.52G   0.02348   0.00626  0.003318   0.03306         5       960    0.8793      0.75    0.8016    0.5214    0.0269  0.008975  0.006662
    27/299     3.52G   0.02471  0.006593  0.002199   0.03351         7       960    0.7688    0.7873    0.7704    0.4893   0.02877  0.009308  0.006967
    28/299     3.52G   0.02577  0.006639  0.002471   0.03488         6       960    0.8206    0.7488    0.7656    0.5076   0.02667  0.008956  0.006955
    29/299     3.52G    0.0252  0.006561  0.002185   0.03394         2       960    0.8909    0.7905    0.8128    0.5543   0.02446  0.008904  0.006561
    30/299     3.52G   0.02605  0.006269  0.002486    0.0348         5       960    0.8301    0.7546    0.7647    0.5108   0.02652  0.008996   0.01406
    31/299     3.52G   0.02803  0.006452  0.002421    0.0369         2       960    0.8364    0.7175    0.7699    0.5197   0.02852   0.00892   0.01064
    32/299     3.52G   0.02311  0.006861  0.002776   0.03275         4       960    0.8662    0.7778    0.8269    0.4897   0.02585  0.008648  0.007196
    33/299     3.52G   0.02624   0.00612  0.002196   0.03456         2       960    0.7479    0.7838    0.7737    0.5558   0.02203  0.008957  0.006243
    34/299     3.52G   0.02218  0.006217  0.002346   0.03074         4       960     0.762    0.8038    0.7739      0.52   0.02481  0.008733  0.006659
    35/299     3.52G   0.02315    0.0059  0.001813   0.03086         1       960    0.8903    0.8028    0.7921    0.6017   0.02364  0.008071  0.006687
    36/299     3.52G   0.02523  0.006479  0.002267   0.03398         2       960    0.8684    0.7781    0.7943    0.5587   0.02388  0.008457  0.005959
    37/299     3.52G    0.0276  0.006347  0.002217   0.03617         7       960    0.8004    0.7652    0.7637    0.5065    0.0253  0.009092  0.007454
    38/299     3.52G   0.02562  0.006171  0.002811    0.0346         2       960    0.8725    0.7114    0.7484    0.5326   0.02546   0.00872  0.006843
    39/299     3.52G   0.02441  0.006152  0.001921   0.03249         6       960    0.7826    0.7927    0.7706    0.5627   0.02546  0.008588  0.009845
    40/299     3.52G   0.02412  0.006257  0.002354   0.03273         5       960    0.9029    0.7038    0.7725    0.5613   0.02284  0.008545  0.006771
    41/299     3.52G   0.02401  0.006406  0.002004   0.03242         6       960     0.857    0.7076     0.743    0.5384   0.02456  0.009101  0.006626
    42/299     3.52G   0.02435  0.006273  0.002072   0.03269         4       960    0.8302    0.7362    0.7833     0.555   0.02551  0.008659    0.0123
    43/299     3.52G   0.02464  0.005973  0.001878   0.03249         1       960     0.866    0.8034    0.8056    0.5785   0.02238  0.008034  0.007362
    44/299     3.52G   0.02469  0.006297  0.002058   0.03305         3       960     0.844    0.7402    0.7427    0.5155   0.02709  0.008967   0.01409
    45/299     3.52G   0.02318  0.006194  0.001749   0.03112         3       960    0.7408    0.7798    0.7532    0.5488   0.02461   0.00906   0.01422
    46/299     3.52G   0.02313  0.006145  0.001804   0.03108         3       960    0.7857    0.7596    0.7594    0.5516   0.02395  0.008424     0.012
    47/299     3.52G   0.02191  0.005935   0.00206    0.0299         3       960     0.776    0.7628    0.7502    0.5303   0.02522  0.008995    0.0111
    48/299     3.52G   0.02324  0.005961  0.001932   0.03113         4       960    0.9207      0.74    0.7737    0.5555   0.02539  0.008137  0.007599
    49/299     3.52G   0.02248  0.005715  0.001765   0.02996         0       960     0.905    0.7394    0.7701     0.555   0.02656  0.007974  0.007585
    50/299     3.52G   0.02359  0.006142  0.001815   0.03155         4       960    0.7782    0.8059    0.7686    0.5312   0.02252  0.008505  0.009148
    51/299     3.52G   0.02205   0.00603  0.001714    0.0298         4       960    0.7989    0.7181    0.7338    0.5158   0.02709  0.008162   0.01976
    52/299     3.52G   0.02435  0.005989  0.001811   0.03215         5       960    0.8921    0.7379    0.7847    0.5618   0.02385  0.007989  0.009195
    53/299     3.52G   0.02422  0.005933  0.002178   0.03233         6       960    0.7973    0.7455    0.7683    0.5543   0.02687   0.00911  0.008075
    54/299     3.52G    0.0213  0.005488  0.002118   0.02891         5       960    0.8074     0.826    0.8158    0.6043   0.02249  0.007981   0.01059
    55/299     3.52G   0.02144  0.005934  0.001746   0.02912         3       960    0.7866     0.826    0.8049    0.5623    0.0239   0.00805  0.007377
    56/299     3.52G   0.02445  0.005926  0.001732    0.0321         5       960    0.9142    0.7224    0.7819    0.5278   0.02359  0.008623  0.007167
    57/299     3.52G    0.0237  0.006055  0.002362   0.03212         2       960    0.8036    0.7898    0.7818    0.5196   0.02536  0.008904   0.01363
    58/299     3.52G   0.02265  0.006048  0.001798   0.03049         3       960    0.8331    0.7693    0.7767    0.5957   0.02252  0.008317  0.006609
    59/299     3.52G   0.02447  0.006019  0.001818   0.03231         3       960    0.8449    0.7165    0.7588    0.5596   0.02292  0.008707  0.006967
    60/299     3.52G   0.02326  0.005893  0.002273   0.03143         5       960    0.7984    0.7655    0.7844    0.5433   0.02353  0.008121  0.006365
    61/299     3.52G   0.02359  0.006004  0.001663   0.03126         6       960    0.8588    0.7396    0.7543    0.5779   0.02533  0.008542  0.007185
    62/299     3.52G   0.02077  0.005821  0.001796   0.02838         2       960    0.9031    0.7138    0.7862    0.5765   0.02362  0.008389  0.008803
    63/299     3.52G   0.02331  0.005622  0.001529   0.03046         6       960    0.7585    0.8438    0.8133    0.5861   0.02567  0.008068  0.006522
    64/299     3.52G   0.02228  0.005829  0.001929   0.03004         2       960    0.8223    0.7355    0.7183    0.4966   0.02747  0.008691   0.02303
    65/299     3.52G   0.02077   0.00584  0.001712   0.02832         3       960    0.8402    0.7603    0.7451    0.5358   0.02351  0.008305  0.006403
    66/299     3.52G   0.02248  0.005475  0.001561   0.02952         1       960    0.8885    0.7638    0.7498    0.5402   0.02618  0.007711  0.007102
    67/299     3.52G    0.0213  0.005717  0.001805   0.02883         5       960    0.8973    0.7585    0.8024     0.562     0.022  0.008062  0.007265
    68/299     3.52G   0.02506  0.006283  0.001695   0.03303         7       960    0.8349    0.7622     0.783    0.5627   0.02314  0.008026  0.007701
    69/299     3.52G   0.02226  0.005657  0.002489   0.03041         8       960    0.8138    0.7633    0.7684    0.5676   0.02255  0.008607  0.006936
    70/299     3.52G   0.02071   0.00584  0.002004   0.02856         3       960     0.975    0.7002    0.7728    0.5666   0.02415  0.007812  0.009372
    71/299     3.52G   0.02208  0.005995  0.002025    0.0301         4       960    0.8712     0.745    0.7665    0.5472   0.02222   0.00833  0.007338
    72/299     3.52G   0.02322  0.006071  0.001693   0.03099         5       960    0.8859    0.7006    0.7626    0.5854    0.0256  0.008425   0.01208
    73/299     3.52G   0.02274  0.006096  0.002176   0.03102         4       960    0.8632    0.7155    0.7536    0.5439    0.0226   0.00849  0.007856
    74/299     3.52G   0.02216  0.005935  0.001696   0.02979         4       960    0.7789    0.8238    0.8269    0.5621   0.02228  0.007847  0.006327
    75/299     3.52G   0.02269  0.006014  0.001631   0.03033         3       960    0.7981    0.7629    0.8001    0.5783    0.0237  0.007498  0.007169
    76/299     3.52G   0.02237  0.005895  0.001765   0.03003         6       960    0.8161    0.7583    0.7661     0.536   0.02494   0.00824   0.00662
    77/299     3.52G   0.02067  0.005712  0.001784   0.02816         9       960    0.9035    0.7465    0.7813    0.5819   0.02373  0.007725  0.007768
    78/299     3.52G    0.0226  0.005675  0.001603   0.02988         3       960    0.8842    0.7202    0.7907    0.5846   0.02382  0.008207  0.007063
    79/299     3.52G   0.02143  0.005677  0.001684   0.02879         5       960     0.911    0.7315    0.7837    0.5664   0.02557  0.008342  0.009028
    80/299     3.52G   0.01981  0.005774  0.001557   0.02714         7       960    0.8989    0.7596    0.7981     0.566   0.02278  0.008162   0.01211
    81/299     3.52G   0.02086  0.005374  0.001681   0.02791         3       960    0.8606    0.7437    0.7506    0.5517   0.02461  0.008254  0.007655
    82/299     3.52G   0.02186   0.00555  0.001526   0.02893         5       960    0.7957    0.7609    0.7516    0.5509   0.02694  0.008214   0.02283
    83/299     3.52G   0.02164  0.005443  0.001712    0.0288         4       960     0.869    0.7557    0.7557    0.5281    0.0257  0.008006  0.007507
    84/299     3.52G   0.02166  0.005803  0.001688   0.02915         6       960    0.8286    0.7237     0.746    0.5311   0.02667  0.008327   0.01364
    85/299     3.52G   0.02031  0.005799  0.001615   0.02773         5       960    0.7862    0.7578    0.7372    0.5387   0.02624  0.008608   0.02076
    86/299     3.52G   0.02118  0.005452  0.001376   0.02801         6       960    0.7532    0.7438    0.7446    0.5627   0.02506  0.008876   0.01322
    87/299     3.52G   0.02091  0.005493  0.001704   0.02811         6       960    0.8238    0.7725    0.7804     0.541   0.02712  0.008439   0.01305
    88/299     3.52G   0.02113  0.005584  0.001683    0.0284         5       960    0.8932    0.7166    0.7709    0.5556   0.02421  0.008355  0.007738
    89/299     3.52G   0.01941  0.005259  0.001462   0.02613         6       960    0.9494    0.6853    0.7879    0.5877   0.02409  0.008414  0.006895
    90/299     3.52G   0.01926  0.005545  0.001624   0.02643         4       960    0.7865    0.7437    0.7501     0.572   0.02205  0.008373  0.009025
    91/299     3.52G   0.02073  0.005425  0.001483   0.02764         2       960    0.8297     0.729    0.7137    0.5399   0.02546  0.008811   0.02258
    92/299     3.52G   0.02279  0.005617  0.001498    0.0299         3       960    0.8097    0.7399    0.7288    0.5407   0.02673  0.008419   0.02194
    93/299     3.52G   0.02219  0.005523  0.001484    0.0292         7       960    0.8161    0.7208    0.7207    0.5342   0.02716  0.008575     0.016
    94/299     3.52G   0.02017  0.005655  0.001599   0.02742         4       960    0.7699    0.7638    0.7377    0.5568   0.02345  0.008219   0.01536
    95/299     3.52G   0.02075  0.005059  0.001504   0.02731         2       960    0.9526    0.7293    0.7539    0.5757   0.02435  0.008015   0.00756
    96/299     3.52G   0.01956  0.005752  0.001885    0.0272         3       960    0.7618    0.7438    0.7492    0.5566   0.02496  0.008366   0.01686
    97/299     3.52G   0.02048  0.005541  0.001472   0.02749         5       960    0.8351    0.7151    0.7216    0.5359   0.02486  0.008079   0.02681
    98/299     3.52G   0.02062  0.005645  0.001707   0.02798         2       960    0.7959    0.7442    0.7486     0.569   0.02362  0.008771   0.00757
    99/299     3.52G   0.02063   0.00562  0.001431   0.02768         2       960     0.973    0.6733    0.7496    0.5564   0.02671  0.008316  0.006988
   100/299     3.52G   0.02041   0.00549  0.001486   0.02738         2       960    0.9055    0.6932    0.7465    0.5508   0.02377  0.008226  0.006997
   101/299     3.52G   0.02077  0.005213  0.001472   0.02746         4       960    0.8052     0.742    0.7462     0.563   0.02536  0.008254   0.01259
   102/299     3.52G   0.01976  0.005322  0.001412   0.02649         5       960    0.9375    0.7054    0.7293    0.5315   0.02589  0.008748  0.007397
   103/299     3.52G   0.01922  0.005257   0.00147   0.02594         3       960    0.9272    0.7155     0.744    0.5572   0.02259   0.00883  0.006927
   104/299     3.52G   0.02005  0.005163   0.00129    0.0265         2       960    0.8715    0.7141    0.7561    0.5664     0.024  0.008192  0.006661
   105/299     3.52G    0.0187  0.005095  0.001407    0.0252         2       960    0.8665    0.6926    0.7435    0.5616   0.02291   0.00878  0.008463
   106/299     3.52G   0.01897   0.00514  0.001198   0.02531         1       960    0.8148    0.7006    0.7135    0.5456   0.02409  0.008851   0.01874
   107/299     3.52G    0.0184  0.005066  0.001521   0.02498         5       960     0.813    0.7045    0.7078     0.542   0.02433   0.00911   0.01509
   108/299     3.52G   0.01851  0.005448  0.001222   0.02518         2       960    0.8588    0.7286    0.7476    0.5438   0.02258  0.007541   0.01991
   109/299     3.52G   0.02016  0.005058  0.001242   0.02646         2       960    0.9421    0.6938     0.788    0.5872   0.02234  0.008368  0.006666
   110/299     3.52G   0.01938   0.00508  0.001499   0.02596         5       960    0.8365    0.7848    0.7856     0.565   0.02242  0.008666  0.006949
   111/299     3.52G   0.01913    0.0054  0.001388   0.02592         3       960      0.83    0.7009    0.7426    0.5582   0.02323  0.008569   0.00713
   112/299     3.52G   0.02005  0.005222  0.001233   0.02651         3       960    0.7577    0.7438     0.714     0.528   0.02392  0.008713   0.01284
   113/299     3.52G   0.01714   0.00502  0.001139    0.0233         1       960    0.7658    0.7435     0.758    0.5748   0.02333  0.008148  0.008679
   114/299     3.52G   0.01925  0.005337  0.001401   0.02599         5       960    0.8115    0.7037     0.744    0.5791   0.02399  0.008653  0.008101
   115/299     3.52G    0.0205  0.005135  0.001526   0.02716         1       960    0.7576    0.7238    0.7385    0.5468   0.02591  0.008584  0.009034
   116/299     3.52G   0.01963  0.005253  0.001926   0.02681         3       960    0.8088    0.7384    0.7251    0.5525   0.02209  0.008717   0.01867
   117/299     3.52G   0.01855  0.005417  0.001533    0.0255         2       960    0.8211    0.7237    0.7293    0.5614   0.02361  0.008619   0.01998
   118/299     3.52G   0.01791  0.005235  0.001245   0.02439         4       960    0.7592    0.7467    0.7336    0.5463   0.02499  0.008301   0.02241
   119/299     3.52G   0.01967  0.005261  0.001165   0.02609         5       960    0.8372     0.736     0.746    0.5632   0.02388  0.008027   0.01818
   120/299     3.52G   0.01807  0.005087  0.001356   0.02451         2       960    0.8174    0.7178    0.7368    0.5722   0.02359  0.008381  0.008915
   121/299     3.52G    0.0186  0.005204  0.001231   0.02503         4       960    0.7932    0.7391    0.7269    0.5762   0.02287  0.007775   0.01432
   122/299     3.52G   0.01902  0.005141  0.001184   0.02535         4       960    0.8782    0.7219    0.7364    0.5595   0.02364  0.008262   0.00679
   123/299     3.52G   0.01886  0.004914  0.001231     0.025         2       960    0.8169    0.7409    0.7432     0.575   0.02337  0.007892  0.008848
   124/299     3.52G   0.01855  0.005215  0.001326   0.02509         3       960    0.7651    0.7276    0.7353    0.5588    0.0238  0.008196   0.01416
   125/299     3.52G   0.01767  0.005143  0.001209   0.02403         6       960    0.8438     0.695     0.728    0.5653   0.02413  0.008261   0.01298
   126/299     3.52G   0.01633  0.005068  0.001163   0.02256         1       960    0.8549    0.6762    0.7614    0.5975   0.02271  0.008114   0.01078
   127/299     3.52G   0.01686  0.004673  0.001035   0.02256         5       960    0.8129    0.7834     0.778     0.596   0.02351  0.007668   0.02354
   128/299     3.52G   0.01941  0.004802  0.001032   0.02525         4       960    0.8574     0.705    0.7465     0.561   0.02562  0.008341   0.01015
   129/299     3.52G   0.01742  0.005163  0.001229   0.02381         5       960    0.8291    0.7238     0.739    0.5681   0.02539  0.007829   0.01261
   130/299     3.52G   0.01755  0.004799  0.001163   0.02352         6       960    0.9045    0.6789    0.7473    0.5643   0.02281  0.007974   0.00739
   131/299     3.52G    0.0186  0.005145  0.001097   0.02484         9       960    0.8101    0.7145    0.7556    0.5582   0.02523  0.008172  0.009324
   132/299     3.52G   0.01818  0.004899  0.001111   0.02419         3       960    0.9401    0.6837    0.7361    0.5597   0.02559  0.008346  0.006762
   133/299     3.52G   0.01916  0.004855  0.001581    0.0256         4       960    0.9716    0.6695    0.7506    0.5678   0.02431  0.008145   0.01042
   134/299     3.52G   0.01823  0.004874  0.001372   0.02448         2       960    0.9308    0.7072    0.7452    0.5843   0.02196  0.008212  0.008421
   135/299     3.52G   0.01919  0.005074  0.001311   0.02558         5       960    0.8245    0.7426    0.7411    0.5609     0.022  0.007983   0.01647
   136/299     3.52G   0.01935   0.00522  0.001328    0.0259         2       960    0.8104    0.7437    0.7495     0.572    0.0228  0.007823   0.01647
   137/299     3.52G   0.01799  0.005114   0.00123   0.02433         5       960    0.9032    0.6782     0.753    0.5789   0.02448  0.008172     0.011
   138/299     3.52G   0.01674  0.004998  0.001059    0.0228         6       960    0.8173    0.8283     0.801     0.573   0.02385   0.00795  0.007656
   139/299     3.52G   0.01851  0.004935  0.001196   0.02464         7       960    0.8962    0.7791    0.7921    0.5687   0.02391  0.008283  0.006914
   140/299     3.52G   0.01829  0.004911    0.0012    0.0244         5       960    0.8252    0.7638    0.8014    0.6063   0.02186   0.00761  0.006382
   141/299     3.52G   0.01637  0.004806  0.001107   0.02228         5       960    0.7956    0.7419    0.7726    0.5836    0.0203  0.007652   0.01513
   142/299     3.52G   0.01706     0.005  0.001015   0.02308         6       960    0.8369    0.7131    0.7527    0.5714   0.02228  0.007833   0.01603
   143/299     3.52G    0.0172  0.004685  0.001022   0.02291         3       960     0.983    0.6812    0.7761    0.6002   0.02105  0.007643     0.013
   144/299     3.52G   0.01774  0.004971   0.00107   0.02378         6       960    0.9764    0.7095    0.7703    0.5958   0.02111  0.007839   0.01006
   145/299     3.52G   0.01545  0.004912   0.00104    0.0214         4       960    0.8368    0.7386     0.772    0.5764   0.02271  0.007535  0.009681
   146/299     3.52G   0.01673  0.004688 0.0009928   0.02241         5       960    0.8625    0.7405     0.758    0.5784   0.02197  0.008383  0.006124
   147/299     3.52G   0.01578  0.004951  0.000948   0.02168         7       960    0.9416    0.7376    0.7769    0.5899   0.02353  0.007849  0.007617
   148/299     3.52G   0.01769  0.004898 0.0009874   0.02357         4       960    0.9869    0.6692    0.7629    0.5796     0.022  0.008647  0.005605
   149/299     3.52G   0.01567  0.004844  0.001115   0.02163         0       960    0.8416    0.7394    0.7874     0.591    0.0227  0.007614   0.01009
   150/299     3.52G    0.0161  0.004562 0.0009731   0.02164         4       960    0.8028    0.8013    0.7762    0.6034   0.02269  0.008289   0.01504
   151/299     3.52G    0.0148  0.004577  0.000973   0.02035         3       960    0.8797    0.6773    0.7699    0.5809   0.02294  0.008457   0.00812
   152/299     3.52G   0.01608  0.004722 0.0009159   0.02172         3       960    0.7282    0.8249    0.7832    0.5653   0.02422  0.007624  0.009858
   153/299     3.52G    0.0166  0.004783  0.001045   0.02243         6       960    0.9279    0.7198    0.7866     0.606   0.02219  0.007782   0.00787
   154/299     3.52G   0.01591   0.00446  0.001095   0.02147         4       960    0.9595    0.6985     0.787    0.6147   0.02121  0.007885  0.006923
   155/299     3.52G   0.01582  0.004398 0.0009382   0.02115         2       960    0.8426    0.7631      0.79    0.5934    0.0202  0.007175  0.006806
   156/299     3.52G   0.01562  0.004852 0.0009022   0.02138         6       960    0.9225    0.7302    0.7813    0.5995   0.02169  0.007711  0.007651
   157/299     3.52G    0.0165  0.004574 0.0008987   0.02197         1       960    0.9863     0.708    0.7734    0.5902   0.02129  0.007817  0.006456
   158/299     3.52G   0.01548  0.004622 0.0009693   0.02107         5       960    0.9655    0.7364    0.7862    0.6065   0.02164  0.007722  0.007664
   159/299     3.52G   0.01593  0.004689 0.0009833    0.0216         1       960     0.916    0.7409     0.801    0.6148   0.02341  0.007407   0.00751
   160/299     3.52G   0.01617  0.004742  0.001013   0.02193         2       960    0.8877    0.7138    0.7674     0.586   0.02263  0.007947   0.01023
   161/299     3.52G   0.01493  0.004645 0.0008511   0.02043         4       960    0.8575    0.7314    0.7688    0.5826   0.02387  0.007181   0.02086
   162/299     3.52G   0.01547  0.004529 0.0008245   0.02083         3       960    0.8024    0.7402    0.7771    0.6108    0.0232  0.007607  0.009772
   163/299     3.52G   0.01553  0.004573 0.0009548   0.02106         5       960     0.819    0.7401    0.7706    0.5926   0.02344  0.007345  0.008922
   164/299     3.52G   0.01637  0.004638 0.0008201   0.02183         3       960    0.9399    0.7012    0.7689    0.5893   0.02245  0.007496  0.006854
   165/299     3.52G   0.01542   0.00449 0.0008474   0.02075         2       960    0.8197    0.7787    0.7924    0.5975   0.02434  0.007056  0.008529
   166/299     3.52G   0.01453  0.004481 0.0008715   0.01988         6       960    0.8636    0.7428    0.7702    0.5939   0.02186   0.00749  0.006914
   167/299     3.52G   0.01558  0.004547 0.0009151   0.02105         4       960    0.9638    0.7178     0.776    0.6026   0.02206  0.007127  0.008029
   168/299     3.52G   0.01566  0.004538 0.0008356   0.02104         6       960    0.9749    0.7147     0.788    0.5991   0.02134  0.007166  0.007662
   169/299     3.52G   0.01523  0.004573  0.000907   0.02071         5       960    0.9061    0.7167     0.777    0.6236   0.02182  0.007233  0.007863
   170/299     3.52G   0.01531  0.004401 0.0008924   0.02061         3       960    0.9386    0.7117    0.7718    0.6079   0.02254  0.007324   0.01009
   171/299     3.52G    0.0154  0.004537 0.0009417   0.02088         1       960    0.8737    0.7399      0.77    0.6076   0.02165  0.007857  0.006482
   172/299     3.52G   0.01491  0.004398 0.0009241   0.02023         4       960     0.934    0.7227    0.7779    0.6097   0.02146  0.007219  0.009652
   173/299     3.52G   0.01433   0.00434 0.0008597   0.01953         3       960    0.9297    0.7175    0.7758     0.596   0.02175  0.007512  0.008323
   174/299     3.52G   0.01464  0.004745 0.0008518   0.02023         3       960    0.9468    0.6777    0.7843    0.5976   0.02207  0.007366   0.01166
   175/299     3.52G   0.01413  0.004495 0.0008671   0.01949         3       960    0.8661    0.7208    0.7636    0.5959   0.02272  0.007971  0.007251
   176/299     3.52G   0.01591  0.004439 0.0007351   0.02108         3       960    0.8517    0.7154    0.7655    0.5963   0.02367  0.007761   0.01447
   177/299     3.52G   0.01448  0.004339 0.0008259   0.01965         8       960    0.8579    0.7342     0.774    0.6121   0.02235  0.007137   0.01332
   178/299     3.52G   0.01393  0.004293 0.0008801    0.0191         4       960    0.8848    0.7237    0.7547    0.5869   0.02222  0.007847  0.005969
   179/299     3.52G   0.01468  0.004422 0.0007476   0.01985         4       960    0.8596    0.7391    0.7741    0.5991   0.02196  0.007243  0.009033
   180/299     3.52G   0.01531   0.00434 0.0008326   0.02048         1       960    0.8321    0.7435    0.7695    0.6006   0.02221  0.007385  0.009014
   181/299     3.52G   0.01438  0.004273 0.0008235   0.01948         3       960    0.8428    0.7316    0.7438    0.5669   0.02404  0.007542   0.01679
   182/299     3.52G   0.01469  0.004232 0.0008689   0.01979         3       960    0.9265    0.7226    0.7714    0.5893    0.0229  0.007805  0.007071
   183/299     3.52G    0.0139  0.004324 0.0008738    0.0191         1       960    0.8993    0.7412    0.7703    0.5893   0.02229  0.007846  0.007409
   184/299     3.52G   0.01439  0.004239  0.000873    0.0195         7       960    0.8915    0.7405    0.7613    0.5924   0.02208  0.007867     0.008
   185/299     3.52G   0.01374  0.004348 0.0009061   0.01899         2       960     0.902    0.7237      0.76     0.593   0.02202  0.007758  0.007054
   186/299     3.52G   0.01467  0.004229 0.0007987    0.0197         2       960     0.743    0.8225    0.7783    0.5959   0.02172  0.007687  0.007606
   187/299     3.52G   0.01435  0.004337 0.0007593   0.01944         5       960    0.9243    0.6979     0.775    0.5988   0.02166  0.007815   0.01097
   188/299     3.52G   0.01487  0.004337 0.0007023   0.01991         2       960    0.9477    0.6854    0.7673    0.5902   0.02271  0.007644   0.01029
   189/299     3.52G   0.01486  0.004259 0.0009045   0.02003         4       960    0.9411    0.6748    0.7677    0.5882   0.02132  0.007592  0.009698
   190/299     3.52G   0.01479  0.004213 0.0007353   0.01974         7       960    0.9235    0.6943    0.7713    0.5761   0.02341   0.00816   0.00811
   191/299     3.52G   0.01436  0.004462 0.0008274   0.01965         8       960    0.8312     0.722    0.7649    0.6065   0.02207  0.007578    0.0123
   192/299     3.52G   0.01408  0.004083 0.0008106   0.01897         1       960    0.9324    0.7077    0.7832    0.6051    0.0217  0.007806  0.008074
   193/299     3.52G   0.01342  0.004338 0.0008748   0.01863         5       960    0.9376    0.7081    0.7916    0.6181    0.0229  0.007481  0.007432
   194/299     3.52G   0.01448  0.004369  0.000782   0.01963         4       960    0.9289    0.7054    0.7753    0.6052   0.02252  0.007797  0.007156
   195/299     3.52G   0.01309  0.004321 0.0007966   0.01821         4       960    0.9466    0.6992    0.7613    0.5755    0.0218  0.008269  0.006959
   196/299     3.52G   0.01407  0.004221 0.0007958   0.01908         3       960    0.9307    0.6978    0.7672    0.6109   0.02256  0.008098  0.008143
   197/299     3.52G   0.01416  0.004251 0.0006517   0.01907         4       960    0.9444    0.6979    0.7653    0.5995    0.0224  0.008216  0.007149
   198/299     3.52G   0.01351  0.004351 0.0006958   0.01856         7       960    0.9415    0.6979    0.7639    0.5831    0.0215  0.008041  0.007195
   199/299     3.52G   0.01374  0.004279 0.0008524   0.01887         4       960    0.9066    0.7391    0.7615    0.6013   0.02104  0.007664  0.007684
   200/299     3.52G   0.01419  0.004512  0.000649   0.01935         9       960    0.9513    0.7016    0.7655    0.6033   0.02206  0.008279  0.006461
   201/299     3.52G   0.01421  0.004331 0.0008452   0.01939         3       960    0.7956    0.7766    0.7886    0.6086   0.02139  0.008437  0.009219
   202/299     3.52G   0.01352  0.004206 0.0007969   0.01852         5       960    0.9464    0.6945    0.7544    0.5959   0.02189  0.008767  0.008242
   203/299     3.52G   0.01397  0.004197 0.0007593   0.01892         1       960    0.9588    0.6956    0.7544    0.5813   0.02194  0.008926  0.007543
   204/299     3.52G   0.01409  0.004155 0.0008213   0.01907         5       960    0.8759    0.6943    0.7648      0.59   0.02231  0.008817   0.01279
   205/299     3.52G   0.01409  0.004297 0.0007466   0.01913         5       960    0.9415    0.6899    0.7571    0.6015   0.02307  0.008561  0.008328
   206/299     3.52G    0.0129  0.004275 0.0008678   0.01804         7       960    0.9315    0.6929    0.7585    0.5838   0.02171  0.008995  0.008688
   207/299     3.52G   0.01288   0.00452 0.0006467   0.01804         5       960    0.8698     0.692    0.7453    0.5807    0.0231  0.008683   0.01449
   208/299     3.52G   0.01329  0.004122 0.0006684   0.01808         3       960    0.9702     0.695    0.7682    0.5877   0.02306  0.008368  0.007546
   209/299     3.52G   0.01305  0.004032 0.0007389   0.01782         5       960    0.9694    0.6962    0.7651    0.5904   0.02099  0.008401  0.007247
   210/299     3.52G   0.01354  0.004147 0.0008056   0.01849         8       960    0.9448    0.6932    0.7778    0.5926   0.02151  0.008433  0.008428
   211/299     3.52G   0.01301   0.00396 0.0006686   0.01763         5       960       0.9    0.6908    0.7658    0.5901   0.02104  0.008417   0.01075
   212/299     3.52G   0.01319  0.004003 0.0007472   0.01794         1       960    0.9469     0.692    0.7578    0.5819   0.02121   0.00864  0.007793
   213/299     3.52G   0.01297  0.004086 0.0007907   0.01784         2       960    0.9335    0.6975    0.7609     0.573   0.02157  0.008637   0.00903
   214/299     3.52G   0.01312   0.00411 0.0006269   0.01785         3       960    0.9474    0.6903    0.7747    0.5976   0.02239  0.008527   0.00808
   215/299     3.52G   0.01255   0.00398 0.0006652   0.01719         4       960     0.945    0.6994    0.7812    0.6013   0.02211  0.008125  0.007166
   216/299     3.52G   0.01272  0.004115  0.000646   0.01748         5       960    0.9426    0.6948     0.753    0.5796   0.02233  0.008155  0.007353
   217/299     3.52G   0.01292  0.004109 0.0007258   0.01776         3       960    0.9436    0.6937    0.7608    0.5834   0.02233   0.00814  0.007423
   218/299     3.52G   0.01284  0.004196 0.0006843   0.01772         2       960      0.96    0.6966    0.7685    0.5972   0.02227  0.007779   0.00758
   219/299     3.52G   0.01269  0.004134 0.0006684   0.01749         6       960    0.9636    0.6971    0.7703    0.5962    0.0219   0.00803  0.006244
   220/299     3.52G   0.01273  0.003993 0.0006007   0.01732         3       960    0.9587    0.7021    0.7788    0.5842    0.0211  0.007778  0.006804
   221/299     3.52G   0.01259  0.003961 0.0006397   0.01719         2       960    0.8907    0.7688    0.8055    0.6137   0.01992  0.007387  0.007371
   222/299     3.52G   0.01254  0.003986 0.0007913   0.01731         2       960    0.9323    0.7237    0.7843    0.6047   0.02046  0.007683   0.00858
   223/299     3.52G   0.01302  0.004132 0.0005776   0.01773         3       960    0.9603    0.7052    0.7777    0.5865   0.02132  0.007903  0.006838
   224/299     3.52G   0.01315  0.004122 0.0006486   0.01792         2       960    0.8107    0.7369     0.744    0.5897   0.02072  0.007786   0.01685
   225/299     3.52G   0.01218  0.004087 0.0005964   0.01687         5       960    0.8896    0.7043    0.7675    0.6052   0.02138  0.008328  0.008848
   226/299     3.52G   0.01272  0.003896 0.0006617   0.01727         2       960    0.8435    0.7038    0.7627    0.6023   0.02231  0.008703   0.01141
   227/299     3.52G   0.01333  0.004163  0.000592   0.01809         6       960    0.8337    0.7549     0.774    0.5903   0.02185  0.008392   0.02046
   228/299     3.52G   0.01302  0.004023 0.0007269   0.01777         3       960    0.8642    0.6944    0.7518    0.5858   0.02319  0.008245   0.02132
   229/299     3.52G   0.01161     0.004 0.0007343   0.01634         2       960    0.8634     0.693    0.7373    0.5848   0.02274  0.008546   0.01974
   230/299     3.52G   0.01186  0.004107 0.0005784   0.01655         3       960    0.8774     0.691    0.7438    0.5814   0.02274  0.008682   0.02474
   231/299     3.52G   0.01239  0.004097 0.0006106    0.0171         5       960    0.8646     0.692    0.7419    0.5931   0.02286  0.008721   0.02424
   232/299     3.52G   0.01259  0.004148 0.0005874   0.01732         3       960    0.8476    0.6921    0.7567    0.5909   0.02117   0.00816   0.02518
   233/299     3.52G    0.0126  0.004187 0.0008004   0.01759         6       960    0.9862    0.6969    0.7664    0.5903   0.02122  0.008906   0.00711
   234/299     3.52G   0.01221  0.004261 0.0006173   0.01709         9       960    0.7733    0.7538    0.7695    0.5987   0.02029  0.008706  0.007912
   235/299     3.52G   0.01253  0.004149 0.0008989   0.01758         4       960    0.9148    0.6935    0.7572     0.595   0.02053   0.00879  0.007264
   236/299     3.52G   0.01196  0.004213 0.0006929   0.01686         8       960    0.9486    0.6983    0.7587    0.5937   0.02094  0.008744  0.007527
   237/299     3.52G    0.0126  0.003962 0.0006458    0.0172         5       960    0.9431    0.6997    0.7617    0.5989   0.02088  0.008602  0.007992
   238/299     3.52G   0.01198  0.003886 0.0006146   0.01648         3       960    0.9083    0.6958    0.7529    0.5952   0.02065  0.008783   0.00864
   239/299     3.52G   0.01261  0.004146 0.0006221   0.01738         4       960    0.9185    0.7029     0.753    0.6014   0.02165  0.008985  0.008544
   240/299     3.52G    0.0132  0.004119 0.0009803    0.0183         5       960    0.9097    0.6836    0.7511    0.5907   0.02222  0.009259  0.009128
   241/299     3.52G   0.01171  0.003986  0.001272   0.01696         7       960    0.8629    0.6991    0.7417    0.5817   0.02263  0.008724   0.01579
   242/299     3.52G   0.01209  0.003999 0.0006495   0.01674         4       960     0.863    0.6896    0.7412    0.5957   0.02193  0.008466   0.01797
   243/299     3.52G   0.01191   0.00395 0.0005565   0.01642         3       960    0.8539    0.6891    0.7399    0.5854   0.02171   0.00851   0.01297
